100
3
3
32
98
2
57
71
3
28
26
67
3
27
98
76
2
72
75
3
38
29
51
3
25
97
46
2
11
10
2
13
50
2
8
62
3
47
22
10
2
24
86
3
5
74
2
2
64
7
2
36
5
2
43
24
2
40
91
2
36
46
3
62
95
94
3
74
64
38
3
72
35
43
2
56
25
3
69
100
72
3
46
76
9
3
10
86
76
2
23
34
2
14
17
2
52
20
2
72
30
2
97
22
3
27
17
81
2
6
59
2
3
61
2
96
91
3
41
61
34
2
38
71
3
73
37
21
3
20
39
52
3
94
74
23
3
56
87
56
2
5
78
2
76
71
3
52
93
18
2
63
52
2
85
95
3
33
82
95
2
39
19
2
34
35
2
78
26
3
88
12
100
2
92
24
2
58
8
2
41
3
2
83
60
2
27
36
3
60
92
98
3
14
68
10
2
5
14
2
11
3
2
76
39
3
80
35
98
2
63
10
2
48
20
3
74
29
18
3
97
8
77
2
73
65
2
96
89
3
39
71
13
2
37
79
3
47
3
92
2
60
9
2
13
23
2
93
58
2
10
40
3
71
98
49
3
98
33
97
2
63
96
2
8
59
2
79
15
3
2
6
92
3
78
88
32
2
35
84
3
28
88
85
3
71
81
62
3
46
83
87
3
66
35
40
3
17
83
21
3
87
19
43
3
32
48
21
2
64
60
3
6
99
21
2
50
53
2
44
72
2
70
91
3
27
71
5
3
17
81
12
3
73
44
1
2
38
78
3
21
21
37
2
59
33
2
